L=[7.4E-05	7.5E-05];                          
S=0.0878;                                                                             
Csmax =[51555 30555];                                                                          
Cspmax0=51555;                                           
Csnmax0=30555;                                             
Csint =[0.48*Csmax(1) 0.83*Csmax(2)];                    
Rs= 2e-6;                                            
Ce = 1000;                                        
F= 96485;                                                
Ee= [0.338 0.440];                                       
Efl= [0.142 0.07];                                       
Es = [1-Ee(1)-Efl(1) 1-Ee(2)-Efl(2)];                    
As = [3*Es(1)/Rs 3*Es(2)/Rs];                            
K= [0.6e-10 1.1e-9];                                     
Alpha = 0.5;                                            
EODV= [3 3.2];                                           
EOCV= 4.2;
R=8.314;                                                 
T=298.15;                                                
D=Alpha*F;                                               
kn1=1.1e-6;                                              
kn2=1.1e-12;                                             
Msei=0.162;                                              
rhosei=1690;                                             
Ksei=5.5e-16;                                            
ksei=5e-8;                                               
Mplatting=6.94e-3;                                       
rhoplatting=0.535e6;                                    
Kplatting=1.1e-18;                                       
kpatting=1.1e7;                                         